MSE: 13.923475
MAE: 2.741469
R2:  0.841091
