MSE: 11.034147
MAE: 2.422431
R2:  0.874067
