LOG-SPACE
MSE: 0.105542
MAE: 0.232447
R2:  0.722797

PRICE-SPACE
MSE: 834640387.365510
MAE: 15034.306518
R2:  0.222784
