MSE: 283236244.015153
MAE: 11339.324582
R2:  0.736251
